-9214261296080276469
-9211722983460162149
-9209463224381337097
-9193949902329286091
-9174673671019506612
-9166310778505451820
-9166132487392256397
-9134772928652405542
-9129217091456804385
-9124752122901999165
-9110982265965860438
-9101507847905945828
-9073153758927084635
-9023146254070815098
-9009042201790246739
-8974244629047980374
-8968454833972178042
-8965906920034823144
-8961867941153620179
-8958284796559193698
-8951099574309150837
-8945746849699739096
-8939700137915654609
-8890630285840772246
-8869320949041798614
-8863878488789712146
-8863200312271537198
-8831267189192178527
-8789646252463789924
-8782467050252868678
-8775186668424517990
-8759248109897895991
-8728591156895772401
-8724368471097271000
-8722604961159790929
-8698605827168460767
-8642476538747422065
-8635308699089763977
-8624593735233663605
-8586497666033536420
-8565568048651004174
-8561101832559216514
-8548190937538477573
-8537752686846235611
-8515845544512787575
-8511681188832649568
-8511130756584314332
-8507579211172217014
-8476638088644481255
-8462595825964704290
-8448507687679085869
-8394954951353637645
-8392811118430713256
-8330390932047850719
-8309884684319157077
-8297732819510578083
-8295922005364319934
-8293280865467928923
-8285365466932730958
-8277227483622348885
-8268752580411919869
-8266083981958849367
-8223220019026292935
-8175621461851126375
-8164817201968816563
-8156164027449481172
-8072954977101943644
-8070987945159428872
-8069009910364778698
-8065145617579182044
-8012088528373874722
-7974889421428543518
-7959627954151837243
-7957834780687482848
-7933760602290631373
-7907535806636450762
-7894903773757591476
-7886514755579620200
-7872396256277647904
-7866401606016933238
-7811802687816783930
-7804093324684760900
-7783046170220876282
-7769768462889126301
-7746324419478735154
-7732435068772550884
-7717566347020620663
-7707838484967076420
-7707443909896197950
-7701942088101561727
-7693389484639320690
-7690787160516127605
-7677389546232426368
-7677109655087569857
-7658241862698239988
-7623333306947904588
-7590460333026378246
-7574087774046549910
-7573154657544418031
-7566256316376876738
-7519441483432133091
-7501811328302098454
-7499577428478075229
-7498101135343499805
-7497822765007276659
-7495526708122979981
-7494450773151392681
-7489486763796180825
-7469281613212888446
-7456954973230892363
-7442571528109871700
-7435332897676241442
-7426977696581435198
-7369614964638016707
-7359284498532059355
-7350479553898264019
-7342210852615948081
-7341462876193880686
-7315572234667578687
-7306786493840454844
-7292023413649130952
-7236618572628476464
-7200541998763320057
-7181074196121532339
-7156153573307111316
-7151365366164318837
-7147314803205270552
-7135779601587414361
-7091052816268155035
-7081797551934372616
-7065535484983644274
-7049360471292919835
-7032181136102840936
-7023242236105708222
-7018865586868194692
-6996254812949661068
-6990248153996088999
-6973140330597072880
-6938993283843977986
-6937669458062639016
-6921660125173065145
-6905143268608573141
-6877349643384633855
-6862552279400675139
-6831167641408541519
-6806532140842816731
-6805359072277567417
-6804625213504333423
-6802570588712741998
-6776803444086164452
-6770278039533099343
-6748756745784661708
-6747718739129163810
-6736106918815728082
-6732330316711780868
-6728845282027059553
-6725285337004550750
-6710117205847455038
-6689120566802265268
-6685777999956652033
-6613900110308162502
-6607727804728132625
-6593819590194358245
-6589290535767307448
-6567213349287016204
-6556458069164997681
-6542906613853910649
-6487621516964909163
-6477297444534745048
-6434216385032268385
-6395537829506385859
-6377076866547477060
-6328943440780895081
-6301510903423875805
-6299356105285848802
-6280506470061599459
-6267101723557667309
-6257701141257791308
-6214517413765402235
-6212505663872923261
-6201829837424489179
-6150901600486466548
-6132333832405054310
-6093857673548593590
-6081720023852800689
-6072401062265260000
-6058923086417897048
-6057743741873090256
-6057443905733007540
-6046008929287975260
-6027187904857079080
-6021309062239776042
-6002533919001552828
-5985103497614653268
-5980156373663808400
-5966854600909485113
-5930954026411580099
-5858745608932433585
-5817694184208917730
-5797304291869417443
-5773189900673575442
-5732543940864648947
-5723234635430981916
-5683190188567905258
-5650247869796679565
-5628681496178503922
-5622926834694850247
-5562035118505880261
-5533219714942554286
-5531801225851406054
-5527290833326627061
-5512186095280216098
-5464983980802047113
-5444877643971313361
-5430409883133028610
-5383980460732022721
-5359456353469086286
-5356993511553813452
-5354293591888434390
-5351522185844012142
-5340648600394572518
-5332540650080166954
-5324935334510712797
-5294576317600098493
-5240488081887242851
-5237154257587810512
-5222235594328233162
-5124156801001902603
-5123585225831409502
-5107479541875476256
-5101785664706885423
-5081262427596781425
-5047805397107646850
-5032033028945595606
-5012280197355987656
-5000702425842021650
-4986738466809091840
-4959612992322573961
-4956383281311508590
-4948751316491449505
-4902365591806013282
-4883916640141264524
-4873358721293033239
-4870689895861733481
-4858992164818920701
-4851310534694037421
-4846781262766877957
-4831835145447135539
-4777871810888367340
-4769826419941627032
-4756941618188145396
-4754070926921550687
-4732206568121164698
-4709322930811684100
-4670953527863998054
-4634075035366660459
-4625632405195005890
-4615751500266249151
-4612624974486042759
-4604517186996705676
-4602723984721921275
-4599044625532596481
-4591861347667315741
-4586773904980012033
-4548851832629643185
-4547898666591938694
-4544237508235558953
-4518142456512273978
-4496808584070563097
-4450118740003370895
-4389799680035105069
-4377930416211583692
-4374150240108568277
-4358800633414765976
-4354903535184522792
-4354718983097070584
-4336419555285517225
-4316927789815628207
-4251741043742454942
-4149149872728121684
-4092525888561898293
-4058849211429973437
-4002940374989407480
-3963596901934578313
-3915364763089088316
-3905016442152681535
-3885449229673837288
-3878832531300308478
-3868694489837338493
-3856194510607988617
-3850691503634998918
-3843213892612859404
-3815291367760154086
-3814857731555252545
-3801868595105107890
-3736668574436027771
-3725830603557528616
-3721951512449456083
-3719945054180901013
-3678902695845692959
-3651551904629221591
-3618770478077026298
-3604280741666220417
-3577551357976034499
-3571925479481462225
-3560108437843567664
-3560000885177565959
-3557350045532908478
-3541821045654187720
-3534047662348938027
-3461097804883900047
-3439242860069578368
-3419906041998413112
-3412918272755105102
-3395711366410464601
-3387247172842430340
-3383430597151507656
-3345373427964617801
-3325150269460785479
-3275565024608217102
-3257949523970859244
-3251946428435513792
-3245082457784708221
-3238303003219729698
-3189416041828188924
-3158596442380522702
-3113347146462468410
-3111424036122433064
-3093886650155806625
-3069793910514574575
-3049368335797921801
-3046548374420401585
-3039551108702428151
-3036261748785563422
-2988685562327116070
-2985948018101202364
-2982966335120316271
-2982950224589210547
-2980914539372946676
-2934444012315053170
-2912569637049731491
-2892521439097690999
-2888177503581479783
-2885046641409982062
-2866656206542392074
-2850071211671354134
-2845537151078413780
-2765497860760031781
-2752259606668186858
-2716063085887885206
-2707005724537237344
-2698053438994796136
-2660211366094524348
-2643966815488112378
-2642656871127213850
-2638008580964079406
-2634961761088667089
-2616470575125400073
-2563780522456161861
-2556941684714201287
-2545908962890468364
-2536341143946617274
-2532544603284478489
-2495809251156141346
-2483734518375286466
-2482228194861335182
-2480003535369594319
-2461948189310335905
-2447122511870136335
-2436756343494706569
-2420919246125573688
-2399200617777160908
-2373694348570388895
-2372441003332604354
-2324733199954326556
-2275719950704120080
-2271070562175502785
-2270818457885461189
-2251652787011324601
-2212191627025193245
-2205972491465540825
-2186065935264123960
-2162810354603415342
-2161701832307658649
-2158639403034342967
-2156337135761347311
-2116856064462603992
-2103819337599787361
-2050677693487024312
-1996319306711639909
-1967106950714820465
-1960916781280685642
-1959565794369872030
-1947531703380015191
-1932858793623480179
-1915259088525834188
-1910632780368591910
-1901345537852901057
-1888053479548562727
-1887495986381791916
-1881876845271574264
-1864845823225598851
-1864158520119636670
-1841153518471923854
-1837847282777417746
-1833443751915104625
-1760682535875612542
-1694078509413532694
-1690177880777967217
-1687610811807208720
-1680623695765023026
-1636699586424416052
-1562242858140352762
-1548327660793068196
-1534778425404411991
-1530344750293599885
-1522057251134646659
-1496409379787184222
-1477107616288586828
-1473969845471506734
-1459386567391067921
-1453713486293168717
-1412066071047066077
-1375460559087397841
-1366304774661854773
-1361174188188478097
-1359624125933794897
-1333379277597379635
-1295592128853343063
-1288617044411535207
-1278327664570727555
-1275028864209198975
-1234704533691742927
-1215458414725757536
-1184820788649777803
-1183996948453236914
-1173196214731052625
-1168207059690499485
-1167895481241435483
-1153576136486675775
-1152164117114761563
-1150774539451776949
-1146189411579240670
-1134091769666478048
-1126909553715474130
-1095834362386627357
-1079882616274268693
-1004363040314375433
-971295505878451325
-968508216758980093
-966034442000886726
-965817484367929156
-950452799500916452
-947067302089114673
-873947342895708162
-831167986039722076
-826929166578640008
-825467956580721333
-807245560332790066
-804518408286897230
-797644667892206395
-770092345063955393
-754411062389441363
-735017697651246484
-695719438252869209
-688222151911444439
-685266298858472904
-667737589289960509
-662006617158901587
-656176051070448352
-655697864459921447
-635654076821352818
-621718269127225229
-601727217306007825
-567296618906809169
-549142246796688589
-546111966367317137
-537763531904370271
-537507684383043535
-525552643110960159
-489219210542948263
-487762279229028676
-477182113329832689
-447633967261184836
-431663527895887885
-412261236684779645
-376334946203093909
-370322219894869292
-352644008645564703
-308771551710139720
-304658674333123317
-294710784196762572
-279356626572834643
-268624742483570745
-256540715176606920
-237722911106926070
-212558642740474581
-204944267017769409
-183229069651984905
-166497697861665393
-137861287312945353
-137566986473642372
-113931439635119929
-96511546853532433
-88821944763040071
-63143254928776922
-57899774935741306
-56035702740837242
-45917741499690972
29816508332602629
34867177415009999
35763702814237505
36120679843446886
81758530759430777
102267340124884816
112729900480781693
116625178491329389
125301604403153585
132506257862090483
135359116982663133
139671487011471392
168106642572887233
170672964672041636
212254470341239619
225631521408302388
264742934144270735
309428915341048761
394681744630937196
408236249513128351
422384612522870769
449721519689866489
465184801354411075
478400013942556935
503964902131309414
524736917648875521
528285670009397646
530297571960932027
543553567379214636
561255504262691716
561878089038639848
568585983597420434
592498985810679799
618265561108477080
618787562272019216
624063546863495194
649079998163906380
689912009314975293
697310661842450693
712371614719676530
770094541918040744
778295548674614238
804363761699598993
833017658514965115
887939364772755505
888331022274592804
908642581730328615
916679880266761829
945659847702727721
957902096593482018
966487647851440745
980346057624939993
986187943051779232
990966000875153397
997287590291439914
1018200568181482688
1076528103973532281
1089034432529713367
1108092753940286072
1123119502819158275
1190343919608428432
1200746368485631146
1218905857971963975
1235694928476259601
1243118039618751835
1251712356157213592
1264877329505755699
1343509933185462379
1381265694948147179
1397229066751409734
1406583501243303349
1417991268138731285
1447422900966751010
1457875727641619093
1520088595773791445
1540586730982120837
1552032354159405169
1558037435699866217
1564974328113713045
1565935740832594195
1576725431060443905
1585945991218017173
1617724043105561016
1629738277917942821
1747095537892018652
1780499085628082760
1805515618304923909
1818706086107186146
1833753667397670990
1859839024719652229
1880964052120733158
1893984799794894161
1894210726931824218
1937173621671669066
1973721104730694272
2000511173322082914
2009286857135889325
2028138603782293819
2085984440644033305
2086489710275108733
2142086372758374692
2142949278055269091
2194696094564914695
2199103818171766930
2203193407099463081
2217818230631786653
2258706517414980478
2262533621210610934
2305768526998482511
2318554883658904072
2360084766979167007
2360984832181132071
2381060735883190238
2409226262264111952
2424521510094043267
2475786222772593838
2492103198225631353
2501082218046590697
2502146374432697330
2538841601444324492
2551470633911111134
2565107742667565549
2600475032603616379
2613015329580906520
2621946511779296176
2627596376540043595
2660570497585781905
2672705232165847509
2686162142839114896
2689438938849733769
2694883486221232847
2695455013534715396
2717330641997475981
2740113092806091835
2740645623589082838
2752972973542520992
2770354567683974198
2820799503412714012
2827899743097017210
2841792796395273488
2860340866621024805
2865644306878299633
2875864225765324420
2884427997167433294
2900039951643443164
2922242749422431575
2929230123542379244
2992939176156132876
2999648647070087601
3001247673906871224
3038333593276077780
3044368281916412010
3064917026824252378
3078346577356723041
3099657616239126254
3100304172341786871
3113149789882095086
3114323626250798651
3170781086884841838
3184031683168684572
3194590103908412326
3215069519353494296
3221036348062920481
3268568805803652892
3269570030680618170
3273050587937125998
3298897342941679018
3315316292543307815
3336262875160162616
3353599035564929138
3403061533725611490
3429795913993373305
3464981503267193808
3473454872812434750
3516419284350382375
3556441086846526629
3566232158687709504
3569691312126488493
3574253302119012185
3577444953985162517
3585052577995678566
3585731389721315104
3596855109241774857
3601595258767177112
3612076134739152312
3622340627137114482
3693284142567603439
3718907194620675044
3730232437580078294
3730399252233490170
3762584662375498797
3768788863606791093
3769849086107560926
3772758892793481936
3789114149027932611
3799141694441607317
3832124947088135193
3847593100584495685
3848104497610386400
3896152959925216940
3903727129717593188
3921686011093980564
3943910043752861401
3952985755175639062
3953327135867355406
3962806531585140559
3982656492326038427
3982839715683896261
4000799029623407849
4027264103645103167
4053563735356427350
4055577498414187272
4072255613629604043
4079021773537435694
4097833056858724560
4113594109440709002
4150876247136130733
4165771783476546400
4172106962673122689
4192394880812136564
4206273051705624607
4213668384722362378
4251614793484747575
4252098056967766507
4279305215057157175
4282261365905645524
4286352821656905224
4287481691375445820
4298749078070403767
4341766664984363623
4346914759338011589
4391401399948947998
4431422375771728174
4441449095417306992
4461796430161674758
4519504576158643961
4534572373148961274
4535084310692277865
4554353189675614248
4583181198494245608
4589779156979079884
4593492618767193797
4638946218269041474
4639981539047270908
4713628177788798730
4737668341187697458
4744616284262027988
4748276824020680393
4769483853123443975
4781073550473601132
4877518778330244700
4888873563780541826
4967361815952129464
4979109216263235070
4982966119885017296
4989279285107466981
5000333713310408449
5024067329261429046
5044212029982176116
5071322947980218660
5095843603528129835
5098007330495211166
5098694254305337423
5116634825646630130
5141402464973867335
5148766740971935093
5158445327822056655
5159142346860856702
5168700879963552738
5174673177470737136
5186647664201090923
5230377278067998351
5234702260487111782
5304506182645898695
5336165017218429672
5374234052022638915
5418800489724204077
5435333163449236117
5439728012388471638
5446646408522363884
5459272125417627023
5476400346299601744
5523879926609029367
5532344500490175644
5594123148124734488
5603687942519643142
5605535133725897373
5649989859540372504
5660245448834609780
5670508115712298134
5694486004199279743
5704450815230849601
5712958266727282322
5731282878699809114
5736887227269496061
5761642659517263403
5769571532795530353
5790601789464592760
5798981809392029861
5803965068648989983
5809118716871923914
5818312830978252085
5836612445223931168
5839740625918456974
5860503983001036681
5865910375341046574
5882458880236311785
5886144123923189251
5886331733056063250
5891638201258321137
5912450592702266942
5932905489202407444
5953849263213487595
6008871268918251053
6010581302062237229
6019427931465350675
6046316750202851678
6049895790070335097
6060693799158568186
6063970645421460372
6073682515614134975
6089710287283429037
6105671462666449757
6115111689773861899
6125014274647328904
6125780963346722289
6137417240646148009
6163114489629971891
6165524790616860980
6171770147259365550
6184321363540038191
6185829512465825398
6194012611278744624
6196913577990175777
6221891089233450318
6258142344403750454
6294485687956486691
6295426675881206136
6304745795493504138
6403462580197018898
6419322895403209664
6437636465228606990
6463855587623415685
6489112078242553645
6489399285678084090
6501444484414546612
6510900605835308571
6533343284968903527
6537779241942752584
6538278423224473318
6566783231708642183
6572315785803363520
6574097602578458716
6598662914544762023
6599991676621983787
6605865351015948813
6632013173994454385
6693295659677870273
6718764816008171820
6727466752439846179
6763751841260631277
6764282650521198923
6773136741636661813
6811456345113169884
6816935190440957776
6826090734890929432
6871294797558346331
6954361854656580598
6961572266321727872
6976608171994994450
6997834179786754005
7028911804501600000
7030356287793280872
7035491714277951943
7055829470851421364
7095967136163174309
7119168206871754629
7140837317198648442
7181898982422122751
7193143810793521119
7225911031623852468
7227279698437014558
7227537755026881411
7249025920895648960
7269425492163420219
7276182876446789986
7296215433258802434
7335614433613921429
7335697506866826167
7354342296188123123
7358292240313833123
7452682322149476711
7468929052698780530
7473189708701356800
7476359841302537772
7477060723961455758
7531765180414723057
7594549800358946525
7603955110958851162
7614445963107962584
7618279742238748760
7618606654731034656
7624592504702664748
7627634884303067785
7647872667157730151
7747381421909529249
7763917029327783604
7776174197545536765
7780019869389355401
7781039637633079811
7804989425273923955
7805825936847643507
7842237648356912595
7854457168157758592
7875568928486251362
7920535180597393691
7930919491760205365
7959724236514472684
7961596797107098268
7963409088285195344
7990960567573827765
8001586336225759789
8007592460344832771
8007796212930516004
8016215739608646533
8030946366005441354
8053371115363897012
8064958580989249973
8081863802650835669
8086712374897123109
8088381206304956579
8098319866309622038
8105380699311287649
8107560939448058690
8112842245770861795
8143925216027453752
8152832966745215940
8169001379519568756
8197969524912293000
8198631770660864393
8232438550856215064
8242468494126880104
8255508426051171194
8258197587105343220
8288468336655468722
8379076224243548922
8388023144479260805
8407257768578951029
8423227779429143566
8437133503443641194
8440417453653750237
8440995401138992180
8458982445489666069
8487537497917348090
8506683861860526621
8528888779244664676
8532926746953634158
8571711129994882256
8581376588106400174
8611511339761253028
8640424538285490173
8680118764051903231
8745451755062363355
8772076356084675223
8815842803631453020
8825666500344668278
8839707735825756837
8845489240495236368
8863065854404337988
8866338155778247884
8875736429734788213
8939188064958321819
8943271980335683940
8978068848033694594
8981383451059561933
8989723589143035946
8994952813392598110
9005792459143143917
9032607109964147620
9050572932451724867
9057728008972724327
9068487153463582149
9076315629912090033
9089907543806800491
9140645260194858975
9157102521696209726
9165103411775718564
9172892001571085999
9175669179455096684
9191044082614759756
9214375621808862961
